b <- c(1,1,1,1,1,1,1,1,1,1,1,1,1,1,1,1,2,2,2,2,2,2,2,2,2,2,2,2,2,2,2,2,
       3,3,3,3,3,3,3,3,3,3,3,3,3,3,3,3)
t <- c(1,1,1,1,1,1,1,1,-1,-1,-1,-1,-1,-1,-1,-1,1,1,1,1,1,1,1,1,-1,-1,-1,
       -1,-1,-1,-1,-1,1,1,1,1,1,1,1,1,-1,-1,-1,-1,-1,-1,-1,-1)
m <- c(1,1,1,1,1,1,1,1,-1,-1,-1,-1,-1,-1,-1,-1,1,1,1,1,1,1,1,1,-1,-1,-1,
       -1,-1,-1,-1,-1,1,1,1,1,1,1,1,1,-1,-1,-1,-1,-1,-1,-1,-1)
d <- c(1,1,-1,-1,1,1,-1,-1,1,1,-1,-1,1,1,-1,-1,1,1,-1,-1,1,1,-1,-1,1,1,
       -1,-1,1,1,-1,-1,1,1,-1,-1,1,1,-1,-1,1,1,-1,-1,1,1,-1,-1)
p <- c(1,-1,1,-1,1,-1,1,-1,1,-1,1,-1,1,-1,1,-1,1,-1,1,-1,1,-1,1,
       -1,1,-1,1,-1,1,-1,1,-1,1,-1,1,-1,1,-1,1,-1,1,-1,1,-1,1,-1,1,-1)
y <- c(54, 60, 93, 98, 45, 49, 104, 91, 53, 66, 108, 99, 56, 60, 105, 102,
       62, 60, 67, 68, 61, 59, 69, 67, 69, 66, 75, 62, 68, 67, 72, 70, 70, 65, 83, 77, 65, 58, 78, 76, 60, 64, 79, 85, 57, 56, 73, 86)

df <- data.frame(b,t,m,d,p,y)
