#Blocking and Main Effects
b <- c(1,1,1,1,1,1,1,1,1,1,1,1,1,1,1,1,2,2,2,2,2,2,2,2,2,2,2,2,2,2,2,2,
       3,3,3,3,3,3,3,3,3,3,3,3,3,3,3,3)
t <- c(1,1,1,1,1,1,1,1,-1,-1,-1,-1,-1,-1,-1,-1,1,1,1,1,1,1,1,1,-1,-1,-1,
       -1,-1,-1,-1,-1,1,1,1,1,1,1,1,1,-1,-1,-1,-1,-1,-1,-1,-1)
m <- c(1,1,1,1,1,1,1,1,-1,-1,-1,-1,-1,-1,-1,-1,1,1,1,1,1,1,1,1,-1,-1,-1,
       -1,-1,-1,-1,-1,1,1,1,1,1,1,1,1,-1,-1,-1,-1,-1,-1,-1,-1)
d <- c(1,1,-1,-1,1,1,-1,-1,1,1,-1,-1,1,1,-1,-1,1,1,-1,-1,1,1,-1,-1,1,1,
       -1,-1,1,1,-1,-1,1,1,-1,-1,1,1,-1,-1,1,1,-1,-1,1,1,-1,-1)
p <- c(1,-1,1,-1,1,-1,1,-1,1,-1,1,-1,1,-1,1,-1,1,-1,1,-1,1,-1,1,
       -1,1,-1,1,-1,1,-1,1,-1,1,-1,1,-1,1,-1,1,-1,1,-1,1,-1,1,-1,1,-1)
y <- c(54, 60, 93, 98, 45, 49, 104, 91, 53, 66, 108, 99, 56, 60, 105, 102,
       62, 60, 67, 68, 61, 59, 69, 67, 69, 66, 75, 62, 68, 67, 72, 70, 70, 
       65, 83, 77, 65, 58, 78, 76, 60, 64, 79, 85, 57, 56, 73, 86)
#Interaction Effects
t_m <- c(1, 1, 1, 1, 1, 1, 1, 1, 1, 1, 1, 1, 1, 1, 1, 1, 1, 1, 1, 1, 1, 1,
         1, 1, 1, 1, 1, 1, 1, 1, 1, 1, 1, 1, 1, 1, 1, 1, 1, 1, 1, 1, 1, 1, 
         1, 1, 1, 1)
t_d <- c(1, 1, -1, -1, 1, 1, -1, -1, -1, -1, 1, 1, -1, -1, 1, 1, 1, 1, -1, 
         -1, 1, 1, -1, -1, -1, -1, 1, 1, -1, -1, 1, 1, 1, 1, -1, -1, 1, 1, 
         -1, -1, -1, -1, 1, 1, -1, -1, 1, 1)
t_p <- c(1, -1, 1, -1, 1, -1, 1, -1, -1, 1, -1, 1, -1, 1, -1, 1, 1, -1, 1, 
         -1, 1, -1, 1, -1, -1, 1, -1, 1, -1, 1, -1, 1, 1, -1, 1, -1, 1, -1,
         1, -1, -1, 1, -1, 1, -1, 1, -1, 1)
m_d <- c(1, 1, -1, -1, 1, 1, -1, -1, -1, -1, 1, 1, -1, -1, 1, 1, 1, 1, -1,
         -1, 1, 1, -1, -1, -1, -1, 1, 1, -1, -1, 1, 1, 1, 1, -1, -1, 1, 1, 
         -1, -1, -1, -1, 1, 1, -1, -1, 1, 1)
m_p <- c(1, -1, 1, -1, 1, -1, 1, -1, -1, 1, -1, 1, -1, 1, -1, 1, 1, -1, 1,
         -1, 1, -1, 1, -1, -1, 1, -1, 1, -1, 1, -1, 1, 1, -1, 1, -1, 1, -1,
         1, -1, -1, 1, -1, 1, -1, 1, -1, 1)
d_p <- c(1, -1, -1, 1, 1, -1, -1, 1, 1, -1, -1, 1, 1, -1, -1, 1, 1, -1, -1,
         1, 1, -1, -1, 1, 1, -1, -1, 1, 1, -1, -1, 1, 1, -1, -1, 1, 1, -1, -1, 
         1, 1, -1, -1, 1, 1, -1, -1, 1)
t_m_d <- c(1, 1, -1, -1, 1, 1, -1, -1, -1, -1, 1, 1, -1, -1, 1, 1, 1, 1, -1,
           -1, 1, 1, -1, -1, -1, -1, 1, 1, -1, -1, 1, 1, 1, 1, -1, -1, 1, 1, 
           -1, -1, -1, -1, 1, 1, -1, -1, 1, 1)
t_m_p <- c(1, -1, 1, -1, 1, -1, 1, -1, -1, 1, -1, 1, -1, 1, -1, 1, 1, -1, 1, 
           -1, 1, -1, 1, -1, -1, 1, -1, 1, -1, 1, -1, 1, 1, -1, 1, -1, 1, -1, 
           1, -1, -1, 1, -1, 1, -1, 1, -1, 1)
t_d_p <- c(1, -1, -1, 1, 1, -1, -1, 1, 1, -1, -1, 1, 1, -1, -1, 1, 1, -1, -1,
           1, 1, -1, -1, 1, 1, -1, -1, 1, 1, -1, -1, 1, 1, -1, -1, 1, 1, -1, 
           -1, 1, 1, -1, -1, 1, 1, -1, -1, 1)
m_d_p <- c(1, -1, -1, 1, 1, -1, -1, 1, 1, -1, -1, 1, 1, -1, -1, 1, 1, -1, -1,
           1, 1, -1, -1, 1, 1, -1, -1, 1, 1, -1, -1, 1, 1, -1, -1, 1, 1, -1, 
           -1, 1, 1, -1, -1, 1, 1, -1, -1, 1)
t_m_d_p <- c(1, -1, -1, 1, 1, -1, -1, 1, 1, -1, -1, 1, 1, -1, -1, 1, 1, -1,
             -1, 1, 1, -1, -1, 1, 1, -1, -1, 1, 1, -1, -1, 1, 1, -1, -1, 1, 1,
             -1, -1, 1, 1, -1, -1, 1, 1, -1, -1, 1)


df <- data.frame(b,t,m,d,p,y,t_m,t_d,t_p,m_d,m_p,d_p,t_m_d,t_m_p,t_d_p,m_d_p,
                 t_m_d_p)
head(df)
